think this was a bit of a big grab, priority order, too big an allowance?

weightMap size 2
  min max          m c        used used%
 3431 9532  9.054942 472069.2 1854 92.7 
 9570 12240 0.673031 549927.2  116 95.1 
Duration = 12m43.9369534s
Finished at Mon, 01 Jun 2026 01:17:17 AEST

added the 80% factor

weightMap size 4
  min max           m c        used used%
    0 4012  11.784009 467081.7   56 100.0
 4013 7974   9.201389 471263.0 1503 75.1 
 8039 9776   8.184215 479071.6  320 72.7 
 9777 14052  1.523489 541701.7   98 100.0
Duration = 6m46.8454965s

with 50% factor

weightMap size 5
  min max           m c        used used%
 2963 6684   7.688510 479298.8  948 47.4 
 6701 7063  11.460875 458958.1  180 87.4 
 7097 8264   7.425988 484036.5  486 46.6 
 8266 9130  18.522309 390204.6  171 48.9 
 9274 14052  2.396437 530543.2  153 85.5 

blended kinda reasonable

weightMap size 4
   min max          m c        used used%
     0 50000 8.461473 476030.0 2000 100.0
  3187 8675  8.743814 474009.1 1740 87.0 
  8678 10212 0.811064 548868.7  196 80.0 
 10213 14052 2.450783 529779.5   48 100.0
Duration = 1h23m40.8388255s

blended too high rate

weightMap size 5
   min max           m c         used used%
     0 50000  8.461473 476030.0  2000 100.0
     0 2908  77.994947 285493.0     8 100.0
  2909 10938  8.637025 474917.8  1970 98.5 
 10939 11533 66.083640 -186112.0   11 100.0
 11534 12450 54.196219 -93049.3    10 45.5 
Duration = 13m26.5974815s

blended too little weight

weightMap size 11
   min max             m c         used used%
     0 50000    8.461473 476030.0  2000 100.0
  2909 5905     7.990268 477988.0   600 30.0 
  5906 6030  -144.864280 1397266.0   50 100.0
  6031 6574    23.084060 381583.9   241 44.3 
  6575 6646   191.429321 -734593.4   45 100.0
  6647 7063     0.472361 532735.0   203 80.2 
  7069 7616     5.787730 496490.2   279 20.0 
  7617 7882    44.635359 198067.6    95 100.0
  7883 8675    11.546485 450009.3   229 40.2 
  8678 10212    0.811064 548868.7   196 80.0 
 10213 14052    2.450783 529779.5    48 100.0
Duration = 1h1m0.5063811s


FittingEachStatWeightProcess

################### haste DPS ###################
weightMap size 5
  min max           m c        used used%
 2963 6684   7.688510 479298.8  948 47.4 
 6701 7063  11.460875 458958.1  180 87.4 
 7097 8264   7.425988 484036.5  486 46.6 
 8266 9130  18.522309 390204.6  171 48.9 
 9274 14052  2.396437 530543.2  153 85.5 
################### haste DEATH ###################
weightMap size 4
  min max           m c   used used%
    0 4830  -0.000087 0.8  224 87.5 
 4928 5663  -0.000129 1.0  258 48.8 
 5698 6844  -0.000062 0.7  504 48.1 
 6877 14052 -0.000021 0.4  952 47.6 
################### haste TMI ###################
weightMap size 4
  min max           m c     used used%
 2552 4846  -0.010656 203.7  228 88.4 
 4941 5663  -0.006675 180.5  256 48.5 
 5694 6840  -0.010528 200.4  504 48.6 
 6852 12450 -0.004802 161.1  963 48.1 
################### haste DTPS ###################
weightMap size 4
  min max           m c       used used%
 2552 4844  -2.863663 86349.7  227 87.6 
 4942 5663  -4.690353 95813.2  255 48.3 
 5694 6771  -0.822094 72317.1  473 47.2 
 6775 11013 -0.809470 71245.2  977 48.9 
################### expert DEATH ###################
weightMap size 5
  min max          m c    used used%
 2556 2804  0.000290 -0.5  172 86.0 
 2842 3344 -0.000056 0.5   439 47.1 
 3377 3657 -0.000054 0.5   260 88.4 
 3688 4957 -0.000014 0.3   983 49.1 
 4958 5100  0.000090 -0.2   83 100.0
################### expert TMI ###################
weightMap size 6
  min max          m c     used used%
 2552 2779  0.074565 -69.0  154 86.5 
 2808 3327 -0.009483 163.3  440 47.2 
 3336 3492  0.020206 69.9   134 86.5 
 3504 3661  0.028471 27.6   150 47.9 
 3687 4957 -0.000525 132.3  984 49.2 
 4958 5100  0.011682 64.4    83 100.0
################### expert DTPS ###################
weightMap size 5
  min max           m c        used used%
 2560 2804  16.509156 21564.9   168 86.2 
 2838 3327  -2.823594 76013.9   423 47.3 
 3342 3622 -26.736504 160168.9  239 86.6 
 3639 4881  -0.492800 69067.5   980 49.0 
 4911 5100 -50.918781 319956.1  108 87.1 
################### expert DPS ###################
weightMap size 6
  min max            m c         used used%
    0 2673 -133.462204 877552.6    82 100.0
 2676 3248    5.197450 512420.2   457 48.3 
 3263 3475  -73.870816 783965.9   199 49.1 
 3498 3688   34.016491 409621.0   169 87.6 
 3697 4983    6.475905 508532.4   987 49.4 
 4984 5100  261.244734 -778362.6   66 100.0
################### master DEATH ###################
weightMap size 5
  min max           m c    used used%
 2311 3797   0.000026 0.3   204 86.4 
 3871 5161  -0.000004 0.3   484 46.3 
 5203 5519  -0.000153 1.1   147 87.0 
 5520 5790   0.000190 -0.8  154 47.5 
 5798 12541 -0.000027 0.4   955 47.8 
################### master TMI ###################
weightMap size 5
  min max           m c      used used%
 2452 3843  -0.001221 150.2   208 87.4 
 3881 5150  -0.003254 156.3   476 46.2 
 5169 5381   0.057487 -165.3  109 88.6 
 5389 5697   0.026608 -19.0   156 49.5 
 5767 11787 -0.006360 166.3   968 48.4 
################### master DTPS ###################
weightMap size 5
  min max            m c        used used%
 2433 3481    4.398149 61305.0   118 85.5 
 3482 4953   -1.147963 76046.8   478 47.0 
 4956 5305  -12.268555 130534.8  177 85.1 
 5367 5745    1.145247 60425.9   192 47.9 
 5746 50000  -2.912768 83036.6   983 49.1 
################### master DPS ###################
weightMap size 5
  min max            m c        used used%
 1465 3625   -9.422150 563259.8  165 86.8 
 3709 4956    0.527321 529727.0  427 46.7 
 5013 5555  -26.919837 674189.6  260 87.5 
 5566 8354   -1.178855 542664.6  980 49.0 
 8428 12541   2.265557 514222.5   91 87.5 
################### dodge DPS ###################
weightMap size 5
  min max           m c        used used%
    0 2051  -5.498354 563199.7   94 100.0
 2052 3416  -5.493677 554098.9  468 46.6 
 3427 3779 -19.840443 607275.1  184 87.2 
 3805 4214 -15.923369 596194.3  220 49.9 
 4227 7957  -2.911786 544722.1  975 48.8 
################### dodge DEATH ###################
weightMap size 5
  min max          m c   used used%
  639 3222  0.000038 0.2  483 47.2 
 3229 3594 -0.000290 1.3  164 85.4 
 3647 4135 -0.000100 0.7  274 50.7 
 4136 4270 -0.001503 6.6   73 100.0
 4271 8391 -0.000020 0.4  971 48.5 
################### dodge TMI ###################
weightMap size 5
  min max          m c      used used%
  640 3239  0.002311 128.0   487 47.0 
 3314 3636  0.046189 -19.9   158 85.9 
 3647 4133 -0.019082 204.9   273 50.1 
 4134 4297 -0.226625 1094.4   88 100.0
 4298 8263 -0.002393 141.3   954 47.7 
################### dodge DTPS ###################
weightMap size 4
  min max          m c       used used%
  942 3234 -0.539001 69419.9  484 47.3 
 3314 3806  4.114142 53321.8  264 49.3 
 3858 4255  3.040990 55010.1  212 86.9 
 4271 8342 -1.439719 73680.8  968 48.4 
################### parry TMI ###################
weightMap size 5
  min max          m c       used used%
  481 1627  0.016635 120.6    191 86.8 
 1664 2301  0.035865 66.0     260 49.0 
 2302 2394  0.597907 -1269.4   51 100.0
 2395 3306  0.002143 129.7    490 46.7 
 3349 9184 -0.006784 155.8    950 47.5 
################### parry DTPS ###################
weightMap size 6
  min max           m c        used used%
  481 1504   3.460602 66793.9   148 86.5 
 1533 2107  -4.515270 78399.2   212 48.0 
 2108 2235  59.035359 -58062.1   58 100.0
 2236 3114  -4.777582 81682.6   483 46.2 
 3116 3317 -15.015412 117821.8  105 86.8 
 3339 8259  -2.280349 74809.2   952 47.6 
################### parry DPS ###################
weightMap size 5
  min max           m c        used used%
  827 1764  -7.216889 550618.8  215 48.5 
 1767 2192  -9.203913 559537.1  166 86.9 
 2239 2973 -10.539394 562931.8  401 47.4 
 2975 5282  -3.682554 545631.8  965 48.2 
 5315 7319   4.377063 502127.7  165 87.8 
################### parry DEATH ###################
weightMap size 5
  min max          m c   used used%
  447 1424  0.000007 0.3  129 87.2 
 1464 1923 -0.000208 0.7  161 46.9 
 2026 2962 -0.000045 0.4  493 47.3 
 2971 3306 -0.000049 0.5  179 87.3 
 3337 8259 -0.000028 0.4  955 47.8 
################### str DPS ###################
weightMap size 5
   min max            m c         used used%
 14118 17844   7.472169 398698.9   977 48.9 
 17845 18020 -58.789570 1586880.6   84 100.0
 18026 19143   6.242592 425636.3   474 47.3 
 19205 20093  -6.591162 679664.7   216 48.5 
 20127 21879  14.595728 255015.9   187 88.2 
################### str DEATH ###################
weightMap size 6
   min max           m c   used used%
 13324 15262 -0.000089 1.9  109 86.5 
 15359 16431 -0.000168 3.1  242 48.2 
 16450 16796 -0.000191 3.5  119 89.5 
 16815 17749 -0.000105 2.1  452 47.1 
 17765 20983 -0.000051 1.2  975 48.8 
 20984 24456 -0.000028 0.7   66 100.0
################### str TMI ###################
weightMap size 6
   min max           m c      used used%
 13324 15311 -0.019134 482.4   118 87.4 
 15419 16402 -0.036195 741.6   223 50.1 
 16403 16656 -0.101333 1824.9   86 100.0
 16657 17568 -0.019816 480.0   412 47.4 
 17595 20354 -0.011590 334.2   973 48.6 
 20419 23434  0.001719 64.4    138 87.9 
################### str DTPS ###################
weightMap size 6
   min max            m c        used used%
 14115 15549  -4.831017 158926.2  139 86.9 
 15582 16549 -11.738745 265023.7  245 49.1 
 16550 16808   6.912446 -44086.6   93 100.0
 16809 17759  -8.411776 214510.2  459 47.9 
 17765 21168  -3.005603 119355.4  992 49.6 
 21169 50000  -1.267364 85952.3    49 100.0
################### stam DPS ###################
weightMap size 6
   min max            m c         used used%
     0 29857   4.703253 393070.1   945 47.2 
 29858 30174 -47.280071 1946190.1   86 100.0
 30175 32043   0.756102 517793.1   487 46.2 
 32073 32557 -19.644162 1184174.8   96 85.0 
 32635 34597   2.515321 459700.1   239 49.8 
 34690 37589   0.217641 539870.2   111 86.7 
################### stam DEATH ###################
weightMap size 5
   min max           m c   used used%
 22517 27209 -0.000059 2.1  288 48.5 
 27336 27958 -0.000167 5.0  135 87.1 
 27962 28517 -0.000088 2.9  146 47.9 
 28529 30327 -0.000063 2.2  482 44.7 
 30334 37395 -0.000023 0.9  906 45.3 
################### stam TMI ###################
weightMap size 5
   min max           m c      used used%
     0 26901 -0.016175 607.8   245 49.1 
 27189 28197 -0.015172 581.0   216 85.0 
 28198 29901 -0.017654 652.7   462 44.9 
 29902 30154 -0.039424 1313.1   66 100.0
 30155 38935 -0.005069 277.9   970 48.5 
################### stam DTPS ###################
weightMap size 6
   min max           m c         used used%
 24057 27156 -4.732548 205541.1   256 86.8 
 27259 28532 -3.249966 164543.6   301 46.5 
 28533 28727 19.887118 -498876.3   51 100.0
 28728 32574 -2.120197 129199.5   977 48.9 
 32663 33875 -3.971556 191742.9   160 86.0 
 33958 37603  1.894590 -7666.0    176 47.1 
################### crit DPS ###################
weightMap size 6
  min max            m c         used used%
    0 3399    8.853667 501378.4   964 48.2 
 3400 3497 -189.419089 1186753.1   61 100.0
 3498 4529   11.683412 491718.0   506 48.9 
 4541 4902  -20.804611 642522.9   150 87.2 
 4975 6388    6.050278 521590.2   234 50.1 
 6389 8715   12.157619 485557.2    61 100.0
################### crit DEATH ###################
weightMap size 5
  min max          m c   used used%
  837 2038  0.000087 0.2  250 49.2 
 2058 2518 -0.000194 0.7  204 88.3 
 2570 3454 -0.000057 0.4  489 46.9 
 3455 3523 -0.001230 4.6   45 100.0
 3526 8715 -0.000017 0.3  958 47.9 
################### crit TMI ###################
weightMap size 4
  min max           m c     used used%
  786 2038   0.014074 112.9  256 48.9 
 2088 2567  -0.016140 171.4  212 85.8 
 2609 3479  -0.001122 136.3  487 46.6 
 3529 50000 -0.001190 134.8  956 47.8 
################### crit DTPS ###################
weightMap size 4
  min max          m c       used used%
  755 2038  5.506600 58477.0  258 48.7 
 2138 2614 -5.487287 79712.6  217 85.8 
 2615 3479  1.041359 64124.8  481 47.0 
 3496 8715 -0.353618 68265.6  976 48.8 
Duration = 3h17m17.885716s
